2.813
2.264
1.973
1.961
1.670
1.528
-0.018
-0.047
-0.097
3.060
-0.054
-0.068
-0.118
2.755
2.576
-0.071
-0.073
-0.103
2.481
2.297
2.142
1.601
1.282
1.161
-1.436
-1.351
-1.252
2.692
1.427
1.126
1.025
-1.304
-1.196
-1.127
2.341
2.16
1.242
0.970
0.899
-1.162
-1.091
-1.020
1.970
1.788
1.616
1.656
1.415
1.273
-0.672
-0.591
-0.484
1.081
0.976
0.808
2.694
1.333
1.182
1.061
-0.531
-0.480
-0.373
0.859
0.764
0.636
2.230
1.987
1.232
1.102
0.980
-0.490
-0.450
-0.363
0.788
0.713
0.606
1.957
1.715
1.583
0.912
0.867
0.787
-1.144
-1.057
-0.875
0.441
0.394
0.384
1.479
1.317
1.176
2.831
0.764
0.763
0.692
-1.065
-0.981
-0.822
0.397
0.361
0.343
1.254
1.113
1.032
2.237
1.933
0.736
0.696
0.636
-0.894
-0.822
-0.690
0.425
0.380
0.354
1.147
1.006
0.925
1.951
1.646
1.530
